Without Aug - sub-dependent
Subject	seed-0	seed-1	seed-2
1	0.9312	0.9062	0.9187
2	0.8562	0.8813	0.8938
3	0.9750	0.9750	0.9625
4	0.9750	0.9875	0.9812
5	0.9875	0.9937	1.0000
6	0.9375	0.9563	0.9688
7	0.9434	0.9057	0.9623
8	0.9438	0.9625	0.9500
9	0.9937	0.9688	0.9812
10	0.9000	0.9438	0.9187
11	0.9688	0.9563	0.9750
12	0.9750	0.9688	0.9688
13	0.9308	0.9686	0.9497
14	0.6500	0.8125	0.7250

Without Aug - LOSO


With Aug - sub-dependent
Subject	seed-0	seed-1	seed-2
1	0.9375	0.9125	0.9500
2	0.8687	0.8938	0.9125
3	0.9812	0.9875	0.9875
4	0.9937	0.9937	0.9937
5	0.9937	1.0000	0.9937
6	0.9563	0.9375	0.9625
7	0.9686	0.9371	0.9811
8	0.9625	0.9500	0.9500
9	0.9937	0.9875	0.9937
10	0.9187	0.9375	0.9250
11	0.9688	0.9563	0.9750
12	0.9688	0.9750	0.9688
13	0.9811	0.9811	0.9686
14	0.7500	0.8438	0.6625

With Aug - LOSO


