Without Aug - sub-dependent
Subject	seed-0	seed-1	seed-2
1	0.6938	0.9125	0.9312
2	0.8938	0.8875	0.9062
3	0.9937	0.9875	0.9937
4	0.9937	0.9937	0.9937
5	0.9937	0.9937	1.0000
6	0.9062	0.9312	0.9125
7	0.6792	0.7799	0.7673
8	0.9125	0.9500	0.9625
9	0.9937	0.9937	0.9937
10	0.9500	0.9438	0.9438
11	0.9750	0.9875	0.9875
12	0.9812	0.9750	0.9937
13	0.9245	0.8994	0.8994
14	0.6750	0.7500	0.7312

Without Aug - LOSO
No runs found.

With Aug - sub-dependent
Subject	seed-0	seed-1	seed-2
1	0.9312	0.9250	0.9438
2	0.8938	0.8875	0.9000
3	0.9875	1.0000	0.9937
4	1.0000	0.9937	0.9937
5	0.9937	0.9937	1.0000
6	0.9563	0.9375	0.9375
7	0.8239	0.7799	0.7862
8	0.9688	0.9875	0.9812
9	0.9937	0.9937	0.9875
10	0.9625	0.9438	0.9375
11	0.9688	0.9875	0.9812
12	0.9875	0.9812	0.9688
13	0.9748	0.9119	0.9308
14	0.7937	0.6875	0.7000

With Aug - LOSO
No runs found.

