Without Aug - sub-dependent
Subject	seed-0	seed-1	seed-2
1	0.9187	0.8625	0.9563
2	0.9125	0.9062	0.9438
3	1.0000	0.9937	0.9937
4	0.9937	0.9937	0.9875
5	1.0000	1.0000	1.0000
6	0.9688	0.9625	0.9625
7	0.8805	0.9560	0.9434
8	0.9875	0.9812	0.9812
9	0.9937	1.0000	1.0000
10	0.9500	0.9563	0.9375
11	0.9812	0.9812	0.9812
12	0.9937	0.9937	0.9812
13	0.9874	0.9560	0.9560
14	0.7250	0.8062	0.8938

Without Aug - LOSO
Subject	seed-0	seed-1	seed-2
1	0.9375	0.9625	0.9438
2	0.7812	0.7188	0.7125
3	0.6125	0.6562	0.7125
4	0.8875	0.9187	0.9250
5	0.8125	0.8250	0.9250
6	0.6187	0.6125	0.6125
7	0.8050	0.7925	0.8176
8	0.6250	0.6562	0.6250
9	0.7188	0.7875	0.7688
10	0.7000	0.6812	0.5750
11	0.3187	0.5938	0.6500
12	0.7500	0.7250	0.8062
13	0.4025	0.4654	0.3270
14	0.5375	0.5188	0.5312

With Aug - sub-dependent
No runs found.

With Aug - LOSO
Subject	seed-0	seed-2
1	0.9625	0.9438
2	0.7063	0.7437
3	0.6625	0.6812
4	0.9500	0.9563
5	0.8813	0.9563
6	0.6250	0.6062
7	0.7925	0.7673
8	0.5625	0.5813
9	0.7312	0.7000
10	0.7250	0.7375
11	0.7250	0.6187
12	0.7750	0.7688
13	0.4654	0.4717
14	0.6062	0.6875

