Without Aug - sub-dependent
Subject	seed-0	seed-1	seed-2
1	0.8750	0.9438	0.8875
2	0.8562	0.9062	0.8938
3	0.9812	0.9688	0.9750
4	0.9937	0.9937	0.9875
5	1.0000	1.0000	1.0000
6	0.9500	0.9375	0.9812
7	0.8428	0.8742	0.9119
8	0.9688	0.9875	0.9625
9	0.9875	0.9875	0.9937
10	0.9250	0.9125	0.9125
11	0.9812	0.9812	0.9688
12	0.9750	0.9688	0.9750
13	0.9497	0.9497	0.9623
14	0.6875	0.7937	0.7375

Without Aug - LOSO
No runs found.

With Aug - sub-dependent
Subject	seed-0	seed-1	seed-2
1	0.9000	0.9625	0.9187
2	0.9125	0.8875	0.9000
3	0.9875	0.9812	0.9875
4	1.0000	1.0000	0.9937
5	1.0000	1.0000	1.0000
6	0.9563	0.9563	0.9750
7	0.8931	0.9308	0.9560
8	0.9625	0.9563	0.9812
9	0.9812	0.9875	0.9937
10	0.9500	0.9563	0.9563
11	0.9750	0.9750	0.9688
12	0.9937	0.9937	0.9875
13	0.9623	0.9560	0.9623
14	0.7875	0.8500	0.8313

With Aug - LOSO
No runs found.

