Without Aug - sub-dependent
Subject	seed-0	seed-1	seed-2
1	0.7500	0.9187	0.8938
2	0.9062	0.9187	0.9125
3	0.9812	0.9812	0.9812
4	1.0000	1.0000	1.0000
5	0.9937	1.0000	0.9875
6	0.9688	0.9688	0.9563
7	0.8553	0.9119	0.8176
8	0.9438	0.9438	0.9500
9	0.9937	0.9937	0.9937
10	0.9625	0.9500	0.9500
11	0.9500	0.9500	0.9688
12	0.9812	0.9688	0.9875
13	0.9811	0.9686	0.9937
14	0.7937	0.6438	0.7625

Without Aug - LOSO
Subject	seed-0	seed-1	seed-2
1	0.9312	0.8938	0.9500
2	0.6812	0.7125	0.6750
3	0.4938	0.6938	0.5063
4	0.9563	0.9625	0.9125
5	0.7875	0.7875	0.8750
6	0.5625	0.5938	0.5500
7	0.6478	0.7862	0.7673
8	0.6562	0.6500	0.5500
9	0.6812	0.5250	0.6625
10	0.7188	0.5875	0.6687
11	0.5750	0.5813	0.5813
12	0.7500	0.7625	0.7437
13	0.3774	0.3711	0.3711
14	0.6062	0.5688	0.6000

With Aug - sub-dependent
Subject	seed-0	seed-1	seed-2
1	0.8562	0.8875	0.9438
2	0.9187	0.9312	0.8625
3	0.9750	0.9937	0.9875
4	1.0000	0.9937	1.0000
5	0.9875	0.9688	0.9937
6	0.9625	0.9688	0.9750
7	0.8616	0.9434	0.9308
8	0.9750	0.9500	0.9438
9	0.9937	1.0000	0.9875
10	0.9625	0.9438	0.9375
11	0.9875	0.9688	0.9812
12	0.9937	1.0000	0.9875
13	0.8931	0.9748	0.9748
14	0.8500	0.8687	0.8188

With Aug - LOSO
No runs found.

