Without Aug - sub-dependent
Subject	seed-0	seed-1	seed-2	seed-3	seed-4
1	0.7375	0.7375	0.7469	0.7563	0.7375
2	0.6821	0.6357	0.6464	0.6786	0.7179
3	0.7812	0.7531	0.7563	0.7406	0.7625
4	0.9781	0.9625	0.9688	0.9781	0.9781
5	0.9500	0.9469	0.9219	0.9406	0.9375
6	0.8375	0.8188	0.8500	0.8531	0.8344
7	0.9094	0.9312	0.9187	0.9125	0.9125
8	0.9187	0.9219	0.9187	0.9250	0.9187
9	0.8031	0.8375	0.8031	0.7969	0.8250

Without Aug - LOSO
Subject	seed-0	seed-1	seed-2	seed-3	seed-4
1	0.6906	0.6844	0.7312	0.7125	0.7000
2	0.6536	0.6679	0.6714	0.6786	0.6429
3	0.5750	0.5875	0.6313	0.6125	0.5750
4	0.8719	0.9000	0.8656	0.9031	0.8719
5	0.9406	0.9500	0.9344	0.9531	0.9375
6	0.7344	0.7937	0.7563	0.7750	0.7625
7	0.8375	0.8438	0.8250	0.8125	0.8469
8	0.8094	0.8281	0.8125	0.8156	0.8188
9	0.7937	0.7812	0.8094	0.8188	0.8031

With Aug - sub-dependent
No runs found.

With Aug - LOSO
No runs found.

