Without Aug - sub-dependent
Subject	seed-0	seed-1	seed-2	seed-3	seed-4
1	0.7917	0.7917	0.7743	0.8056	0.7951
2	0.5556	0.5347	0.5938	0.5069	0.5833
3	0.8438	0.8472	0.8576	0.8438	0.8715
4	0.7917	0.7708	0.7535	0.7812	0.7326
5	0.7361	0.7153	0.7083	0.7500	0.7326
6	0.6840	0.6354	0.6458	0.6771	0.6875
7	0.9271	0.9167	0.9306	0.9236	0.9201
8	0.7812	0.7639	0.7743	0.7674	0.7500
9	0.8507	0.8472	0.8403	0.8507	0.8507

Without Aug - LOSO
Subject	seed-0	seed-1	seed-2	seed-3	seed-4
1	0.5590	0.5556	0.5833	0.5799	0.5868
2	0.4549	0.4444	0.4931	0.4757	0.4965
3	0.6875	0.6979	0.7153	0.7188	0.7014
4	0.5417	0.4826	0.5139	0.5174	0.5139
5	0.5035	0.5174	0.5069	0.5035	0.5035
6	0.5174	0.4618	0.4965	0.4757	0.5174
7	0.6736	0.6701	0.6736	0.6597	0.6632
8	0.6354	0.6597	0.6285	0.6840	0.6111
9	0.5139	0.5035	0.5521	0.5694	0.5139

With Aug - sub-dependent
No runs found.

With Aug - LOSO
No runs found.

