Without Aug - sub-dependent
Subject	seed-0	seed-1	seed-2
1	0.7875	0.7000	0.7188
2	0.8625	0.8438	0.8500
3	0.9625	0.9750	0.9625
4	0.9750	0.9812	0.9812
5	0.8375	0.8875	0.9062
6	0.9125	0.8875	0.9125
7	0.7547	0.7610	0.7358
8	0.8938	0.9187	0.9000
9	0.8125	0.8250	0.8062
10	0.9000	0.9250	0.9125
11	0.7688	0.7563	0.7250
12	0.9563	0.9312	0.9500
13	0.8491	0.8805	0.8176
14	0.7750	0.6500	0.8000

Without Aug - LOSO
Subject	seed-0	seed-1
1	0.7250	0.6438
2	0.6375	0.6062
3	0.6687	0.5875
4	0.8000	0.8938
5	0.6375	0.6313
6	0.6438	0.6625
7	0.7673	0.6667
8	0.4875	0.4625
9	0.3125	0.3750
10	0.3938	0.4563
11	0.5000	0.5250
12	0.7625	0.7312
13	0.3836	0.2893
14	0.4437	0.5312

With Aug - sub-dependent
Subject	seed-0	seed-1	seed-2
1	0.8562	0.7312	0.7937
2	0.8500	0.8250	0.8625
3	0.9875	0.9750	0.9688
4	0.9875	0.9875	0.9500
5	0.9000	0.9000	0.9000
6	0.8188	0.9438	0.8125
7	0.8428	0.7421	0.7296
8	0.9125	0.9625	0.9500
9	0.8125	0.8062	0.8250
10	0.9125	0.9125	0.9250
11	0.7063	0.7375	0.7000
12	0.9312	0.9688	0.9500
13	0.8239	0.8742	0.8050
14	0.8000	0.7125	0.7000

With Aug - LOSO
Subject	seed-0	seed-1
1	0.7125	0.7437
2	0.6125	0.6812
3	0.6500	0.6125
4	0.8500	0.8562
5	0.5813	0.5875
6	0.7000	0.7375
7	0.6541	0.7107
8	0.5437	0.5938
9	0.3125	0.3500
10	0.5125	0.4688
11	0.4812	0.5625
12	0.7812	0.8188
13	0.3962	0.3711
14	0.4437	0.5063

